function dE_dX = dE_dX_4cov(in1,in2,in3,in4)
%DE_DX_4COV
%    DE_DX = DE_DX_4COV(IN1,IN2,IN3,IN4)

%    This function was generated by the Symbolic Math Toolbox version 5.8.
%    27-Jun-2012 13:14:18

T1 = in4(1,:);
T2 = in4(2,:);
T3 = in4(3,:);
f_n1 = in2(1,:);
f_n2 = in2(2,:);
f_n3 = in2(3,:);
f_p1 = in1(1,:);
f_p2 = in1(2,:);
f_p3 = in1(3,:);
q1 = in3(1,:);
q2 = in3(2,:);
q3 = in3(3,:);
q4 = in3(4,:);
t2 = q1.^2;
t3 = q2.^2;
t4 = q3.^2;
t5 = q4.^2;
t6 = q1.*q4.*2.0;
t7 = q1.*q3.*2.0;
t8 = q2.*q4.*2.0;
t9 = q1.*q2.*2.0;
t10 = t2+t3-t4-t5;
t11 = f_n1.*t10;
t12 = q2.*q3.*2.0;
t13 = t7+t8;
t14 = f_n3.*t13;
t15 = t2-t3+t4-t5;
t16 = f_n2.*t15;
t17 = t6+t12;
t18 = f_n1.*t17;
t19 = q3.*q4.*2.0;
t20 = t2-t3-t4+t5;
t21 = f_n3.*t20;
t22 = t7-t8;
t23 = t9+t19;
t24 = f_n2.*t23;
t36 = f_n1.*t22;
t25 = T3-f_p3+t21+t24-t36;
t26 = t6-t12;
t27 = t9-t19;
t28 = f_n2.*q2;
t29 = f_n3.*q1;
t55 = f_n1.*q3;
t30 = t28+t29-t55;
t61 = f_n3.*t27;
t31 = T2-f_p2+t16+t18-t61;
t56 = f_n2.*t26;
t32 = T1-f_p1+t11+t14-t56;
t33 = f_n2.*q1;
t34 = f_n1.*q4;
t79 = f_n3.*q2;
t35 = t33+t34-t79;
t37 = f_n2.*q2.*2.0;
t38 = f_n3.*q1.*2.0;
t65 = f_n1.*q3.*2.0;
t39 = t37+t38-t65;
t40 = T2.*(1.0./2.0);
t41 = f_n2.*t15.*(1.0./2.0);
t42 = f_n1.*t17.*(1.0./2.0);
t72 = f_p2.*(1.0./2.0);
t73 = f_n3.*t27.*(1.0./2.0);
t43 = t40+t41+t42-t72-t73;
t44 = T1.*(1.0./2.0);
t45 = f_n1.*t10.*(1.0./2.0);
t46 = f_n3.*t13.*(1.0./2.0);
t66 = f_p1.*(1.0./2.0);
t67 = f_n2.*t26.*(1.0./2.0);
t47 = t44+t45+t46-t66-t67;
t48 = f_n2.*q1.*2.0;
t49 = f_n1.*q4.*2.0;
t81 = f_n3.*q2.*2.0;
t50 = t48+t49-t81;
t51 = T3.*(1.0./2.0);
t52 = f_n3.*t20.*(1.0./2.0);
t53 = f_n2.*t23.*(1.0./2.0);
t77 = f_p3.*(1.0./2.0);
t78 = f_n1.*t22.*(1.0./2.0);
t54 = t51+t52+t53-t77-t78;
t57 = f_n1.*q2;
t58 = f_n2.*q3;
t59 = f_n3.*q4;
t60 = t57+t58+t59;
t62 = f_n1.*q1;
t63 = f_n3.*q3;
t80 = f_n2.*q4;
t64 = t62+t63-t80;
t68 = f_n1.*q2.*2.0;
t69 = f_n2.*q3.*2.0;
t70 = f_n3.*q4.*2.0;
t71 = t68+t69+t70;
t74 = f_n1.*q1.*2.0;
t75 = f_n3.*q3.*2.0;
t82 = f_n2.*q4.*2.0;
t76 = t74+t75-t82;
dE_dX = [T1-f_p1+t11+t14-f_n2.*(t6-q2.*q3.*2.0);T2-f_p2+t16+t18-f_n3.*(t9-q3.*q4.*2.0);t25;t25.*t30+t31.*t35+t39.*t54+t43.*t50+t32.*t64+t47.*t76;t25.*t35-t30.*t31-t39.*t43+t32.*t60+t50.*t54+t47.*t71;t30.*t32+t39.*t47-t25.*t64+t31.*t60+t43.*t71-t54.*t76;-t32.*t35+t25.*t60+t31.*t64-t47.*t50+t43.*t76+t54.*t71];
